
[grid]

nt = 10000
nx = 1024
ny = 1024

ht = 0.01

x1 = -6.283185307179586
x2 = +6.283185307179586

y1 = -9.42477796076938
y2 = +9.42477796076938


[solver]

nonlinear = False

petsc_snes_atol = 1E-12
petsc_snes_rtol = 1E-16
petsc_snes_stol = 1E-18
petsc_snes_max_iter = 3

petsc_ksp_atol = 1E-50
petsc_ksp_rtol = 1E-14
petsc_ksp_max_iter = 1000


[initial_data]

python = linear_separatrix


[io]
hdf5_output = linear_separatrix_1024x1024.hdf5
nsave = 10
